[General]
filePath=D:/File/ModelAndDrawing
mPrecisionX=0.30000000000000004
mPrecisionY=0.30000000000000004
mPrecisionZ=0.30000000000000004
BMPwidth=1080
BMPlength=1920
BMPpitchX=0.114
BMPpitchY=0.114
